lastAccountName: lumahell
timestamps:
  login: 1589734735436
  kits:
    color: 1589397535974
    notch: 1589397619863
  logout: 1589735168208
  lastteleport: 1589564592479
ipAddress: 2620:9b:0:0:0:0:1941:4566
logoutlocation:
  world: world
  x: 324.7755618810662
  y: 64.0
  z: 91.03243957079314
  yaw: -345.75662
  pitch: 21.446598
afk: false
lastlocation:
  world: world
  x: 244.8320187588848
  y: 64.0
  z: 191.18770836016543
  yaw: -314.75485
  pitch: 55.45841
