lastAccountName: lumahell
timestamps:
  login: 1590053158840
  kits:
    color: 1589397535974
    notch: 1589397619863
  logout: 1589998559607
  lastteleport: 1589564592479
ipAddress: 2620:9b:0:0:0:0:1941:4566
logoutlocation:
  world: world
  x: 257.5897606480538
  y: 55.0
  z: 238.56419010922207
  yaw: 177.03615
  pitch: 7.7009854
afk: false
lastlocation:
  world: world
  x: 244.8320187588848
  y: 64.0
  z: 191.18770836016543
  yaw: -314.75485
  pitch: 55.45841
