lastAccountName: lumahell
timestamps:
  login: 1589988884684
  kits:
    color: 1589397535974
    notch: 1589397619863
  logout: 1589993326538
  lastteleport: 1589564592479
ipAddress: 2620:9b:0:0:0:0:1941:4566
logoutlocation:
  world: world
  x: 241.05402447488646
  y: 48.0
  z: 258.32796268108984
  yaw: 158.0708
  pitch: 20.7505
afk: false
lastlocation:
  world: world
  x: 244.8320187588848
  y: 64.0
  z: 191.18770836016543
  yaw: -314.75485
  pitch: 55.45841
