lastAccountName: lumahell
timestamps:
  login: 1589562330913
  kits:
    color: 1589397535974
    notch: 1589397619863
  logout: 1589560875097
ipAddress: 2620:9b:0:0:0:0:1941:4566
logoutlocation:
  world: world
  x: 264.39345499894785
  y: 48.0
  z: 246.68766603432715
  yaw: 87.00487
  pitch: 26.840765
afk: false
