lastAccountName: AigleAttarde
timestamps:
  login: 1589562524858
  logout: 1589562623010
ipAddress: 2620:9b:0:0:0:0:193d:f5f8
logoutlocation:
  world: world
  x: 246.36304154438784
  y: 48.0
  z: 257.81086291683727
  yaw: -269.05328
  pitch: 6.59958
