lastAccountName: AigleAttarde
timestamps:
  login: 1589988588829
  logout: 1589993656080
  lastteleport: 1589566362622
ipAddress: 2620:9b:0:0:0:0:193d:f5f8
logoutlocation:
  world: world
  x: 253.35206510912226
  y: 64.0
  z: 203.75576890320798
  yaw: 349.7647
  pitch: 9.299408
lastlocation:
  world: world
  x: 256.47614762455123
  y: 64.37621188663357
  z: 211.7679998517745
  yaw: -354.94336
  pitch: 8.588301
afk: false
mail:
- §6[§rlumahell§6] §rREPLACE DIAMOND BY IRON
