lastAccountName: lumahell
timestamps:
  login: 1589390399484
  logout: 1589390410229
ipAddress: 2620:9b:0:0:0:0:1941:4566
logoutlocation:
  world: world
  x: 203.5863166897772
  y: 65.0
  z: 181.74053216119918
  yaw: 269.07626
  pitch: 9.917625
